FID: 16.362252445168565
Content Distance (lpips): 0.21704600751399994
CFSD: 0.0327
