FID: 39.68478346090562
Content Distance (lpips): 0.3985998332500458
CFSD: 0.0496
